Object ID
693515
756300
753270
713783
756121
691758
699177
753065
703577
713537
755879
713680
686852
704153
691795
693607
713541
703725
691723
713654
721409
699300
755837
766183
667552
753086
704214
691673
753393
691722
756224
683898
755996
678573
703804
696137
704004
689437
683511
669733
759960
692085
756173
774177
703531
753049
704012
756271
703501
756181
759951
689611
687031
704300
713985
699098
753309
699415
703622
703505
753404
704031
755964
713948
753195
683791
704143
704318
756094
713552
704164
756309
699276
703978
703808
713702
756065
691696
713936
704136
756389
713622
703467
753240
756340
703403
689255
693499
713549
695965
753075
689256
704110
756008
703629
678605
709525
695826
689588
704062
704080
756178
753066
699306
755975
753429
756222
703681
686850
755947
703771
753228
713779
689361
692045
689347
683795
689491
721361
689337
721876
756232
703758
691941
756209
689354
753088
753092
689601
691811
703648
753235
704065
753295
713785
699240
667526
704252
683516
755968
691657
670464
693497
689573
703396
698997
713655
689425
721325
753188
703515
703425
704205
756100
753113
689370
704127
689401
695805
753420
689407
695707
721283
695799
756168
756132
756305
713941
703540
713876
713643
687010
671134
713682
696189
671133
703687
689610
671204
756261
713533
689381
753261
699125
756072
704174
704319
704242
683801
691690
683457
756216
755931
756159
691674
671244
753312
753186
756172
710018
704294
683842
703371
699284
756064
713664
704298
713863
703692
756347
699182
689391
692024
713671
710035
713924
714029
704067
689462
755842
713991
689513
689296
713880
699257
703388
753468
713630
750101
687015
703671
704268
713931
695768
756310
671267
753328
704008
753262
683537
686940
691716
721275
671106
756078
689608
704190
753273
703606
689348
693495
693308
689383
683645
699118
753062
721872
755886
721435
699407
246752
695719
693626
756146
689569
713992
756272
721427
687004
753179
703500
683579
689427
691973
721414
713957
753061
703581
756392
691656
704301
721344
737425
699179
689390
709572
753507
755858
756260
709541
756321
755852
686841
753362
756131
756211
703619
704223
721418
713529
689435
753200
689273
753068
755849
703688
689424
693172
755998
703427
756088
692106
755999
703678
713697
756239
693500
713932
704020
721369
721295
753291
689428
704103
683826
703696
689451
713699
756112
709568
703479
759804
713554
704120
695880
703443
703982
713923
703656
698909
713695
693196
704181
756356
703726
689388
698999
756029
713937
689357
753482
686856
753254
671340
689369
703743
713709
699139
703432
753048
703516
721403
753422
691618
669573
755963
704260
713939
704095
756115
703525
756359
699068
713555
699208
703676
703488
704165
713736
699225
671233
699226
703819
756126
669724
703775
713864
753071
703489
704274
691934
671149
756221
689448
709544
693321
683776
683461
755851
755846
689575
704100
713938
691825
704239
704101
759957
756006
755863
713834
753414
704193
692004
713894
704324
683827
713631
753319
713556
703997
753466
713587
713629
703484
671291
703376
703768
721316
713788
756280
703398
753474
713551
756332
759952
703521
713953
703747
689494
689528
756235
756187
713558
753431
755983
713887
713528
691705
692084
703813
693249
683519
756230
713648
693338
756042
699062
704216
699267
703445
709583
753361
689281
713665
721441
721371
756007
713672
689590
683837
713711
703646
703779
713839
713754
713634
703496
753175
683879
753334
713942
721303
703630
713976
753215
699168
691783
691713
759954
703592
693198
689519
713735
753085
755914
691615
683729
698891
703600
704308
695749
756074
753108
721337
695807
703816
704243
756045
755856
713917
669723
756339
704051
753332
756336
704200
704037
756047
709532
693597
671259
671126
704213
693516
721879
699327
703596
753045
721360
704036
753485
713747
713966
704081
721443
698893
756060
699271
709566
721386
755980
753059
703731
753290
704074
703588
703481
721310
695772
756291
696187
753187
703565
721282
693504
753231
755853
683401
721434
753425
689421
755915
753469
755995
756380
755970
693507
703987
704038
721401
703739
703412
753480
696096
753301
704326
671141
753481
709593
721356
693519
691702
713868
699131
691987
703797
709523
753331
721442
713889
703690
671241
756156
756038
713660
689615
721347
704087
686994
713986
693182
689406
693502
687039
756097
755922
703713
714035
683442
713911
756022
756374
699210
699090
691706
756129
709576
704244
756151
699003
753155
704171
721878
703602
704331
689480
683512
704111
753069
703510
753202
689489
753207
669642
756267
669570
721423
703503
703507
713838
689596
713606
691693
670383
671337
756319
696068
704327
692119
689373
756381
704154
713913
756293
704046
691974
753055
755798
699221
753427
764572
755954
759953
703368
704116
703561
693617
699374
703643
704096
704027
753095
699181
704258
703721
687023
692022
753392
753183
713910
695893
721358
704329
756058
704335
699180
713726
699175
713733
689363
691888
691889
713588
755847
713995
689455
704275
699189
713777
755950
695702
753257
756141
755997
699279
753484
753111
704199
683787
755888
703571
756240
703765
699286
756341
709520
721439
721366
753164
687016
689490
753083
756284
753226
753033
713875
689456
703628
709567
753037
691730
756111
753343
691769
713753
687003
753508
756346
695685
687029
689488
753259
689367
721321
713905
713774
713780
704276
689568
753244
703558
753293
703365
756145
753417
699071
259163
699265
756270
753058
689589
704121
721408
703677
703754
686866
703610
721287
756351
689374
687033
713934
703607
678577
755908
755973
753097
755971
753430
703549
756311
755991
721935
721420
678607
755949
703704
699124
703658
703560
756238
703366
755804
698907
687028
703555
721862
699273
753248
753084
714021
713970
703778
704023
704204
756226
753053
721428
713553
721298
703562
756199
691697
713557
699335
753505
704178
703770
756343
756183
703585
687006
259171
756354
689598
714001
721319
703579
713544
698903
756051
703415
713833
703623
753194
713943
691822
693659
693498
755985
703700
756292
721246
756056
691882
713658
703732
693259
756384
756158
704043
753209
713604
704003
756201
683460
755836
699259
687022
699192
756358
689476
753112
756052
692074
713744
713610
689350
756214
756329
756048
756036
753419
703737
753418
704115
753204
756301
776308
755925
691689
691695
753136
721422
713542
753272
689506
756241
756194
753471
713693
756370
703520
704330
755959
671153
713640
756150
713964
776305
709537
753326
756206
756083
695736
756279
699244
692021
721411
704156
704045
721932
703535
753478
753464
713530
710024
703710
759786
756344
713870
713879
753463
713854
721934
703582
759789
689614
756281
689236
704286
703654
683402
756160
699104
753264
683730
689379
703994
689318
704251
721352
713906
699084
699120
713740
713602
703369
704001
703597
703476
704333
753316
756163
756283
704016
704289
704108
699246
703536
753410
691694
704086
713861
683710
699171
756243
713874
695769
721929
703546
689250
703672
709558
689259
678592
689417
703609
703695
756037
703495
756287
689352
755881
713772
686855
695744
721870
713945
683843
699214
699236
753271
713617
709542
703728
703529
689445
703720
756277
698925
703733
695741
691717
699173
753034
703591
704265
756285
692052
713763
699116
756136
721292
698905
753426
756325
713888
703428
704238
703538
721306
703512
721920
753229
756269
693602
689452
721444
714019
703455
755992
699414
753105
693608
703634
691659
693551
753494
703738
756252
704264
756286
703578
704146
689459
693529
703567
713550
713946
671143
756084
704091
753096
755893
753081
721318
756182
756297
704048
709552
692118
696100
703722
689602
695677
713865
704063
753423
703618
703483
693569
756262
692082
756134
709517
703475
710012
704311
756180
764437
710021
691635
691817
693485
756264
695679
710025
713543
704053
721426
713781
693606
713845
691719
709571
755967
713684
721430
721309
713645
699256
704224
691952
755987
671127
699258
703559
696140
704047
704186
753192
704208
709596
721931
756148
764436
756368
755850
756019
755866
755966
704018
756208
710028
689389
704066
721317
703421
704059
704088
756257
713694
689454
704140
693634
703711
764435
695748
756349
704142
713881
703706
753360
704332
713632
699119
759955
683517
699122
713646
721367
696123
713987
713975
721280
704042
709563
703744
693567
689566
721290
704128
703734
703998
756106
691768
689447
756113
753213
699111
721416
689395
755834
721937
695743
713749
764438
709557
709592
671314
753117
703395
703424
699229
713548
756081
704112
704169
689382
714032
703812
693506
721375
699430
704137
713759
703587
703576
721860
713926
699195
768771
703478
704261
667584
691742
703620
704093
713947
713727
704147
755918
709556
713745
713532
703777
721353
704296
703487
689478
762674
759800
704084
721406
713650
713674
689449
703463
704162
713898
756203
721436
683444
703756
703639
713691
703716
703698
671316
721404
695747
703492
683465
753359
753249
699308
756015
689399
689509
683614
703989
721286
689604
691746
703707
709519
756066
703708
753476
753101
703741
704152
704209
689366
691729
713952
703729
695869
713866
721867
753241
704070
759802
721421
703541
683449
703502
713728
689372
713757
753294
703431
704158
755986
709591
721405
683708
689396
721273
755955
704295
713591
753181
704304
693261
764429
755976
756033
703979
753214
756041
753357
699239
704159
689360
693605
703511
689377
753115
689392
721869
753190
713849
704231
671216
753130
699307
713539
759798
753289
766239
687032
691787
713704
713882
709575
704118
703482
699217
756179
689499
704151
721873
753121
703378
704002
753050
698984
678585
713909
699269
699413
713903
691946
703767
756090
693616
703776
686751
753191
709527
703370
704320
753246
721921
753411
703783
753495
693512
704272
683643
704196
753043
696192
704263
753406
756162
669571
713836
683711
699262
756137
699342
709560
703730
753199
691658
759787
698996
703361
762863
756188
689403
704064
692051
721327
756057
689398
689378
695933
689400
753274
753330
698960
759795
756154
753185
704172
699408
671332
755897
759793
755876
703435
667513
699278
699178
755982
691829
753424
689570
704302
704019
704102
753206
753483
713930
704271
753329
689508
753308
753090
704114
704249
713786
721395
704292
704082
692079
687024
713782
703584
756003
259165
710026
689418
704010
689605
713706
683389
753076
683522
683458
756055
756313
703689
756018
756005
704306
683446
753074
713692
753044
756242
759799
713713
756304
695751
709561
753201
753064
693487
755873
699301
756350
704305
721277
687009
699100
753052
704144
756034
699146
755861
756016
713618
753234
756077
756328
756140
704026
689364
671246
696142
703575
689520
693364
713619
721349
753260
691781
721368
753133
764401
756175
710017
703766
713729
713933
686982
698889
713614
691918
756102
699330
689502
721880
756101
756296
689512
686864
703533
693486
691883
721357
753041
689607
703570
686992
691734
704257
756363
699127
755875
703686
703685
713958
713765
753162
704099
704173
671310
753337
753156
668601
714033
713623
713668
704094
753035
766085
756116
721438
703440
756234
699291
703586
683709
753227
699299
776303
759791
704217
755859
713547
755920
714026
756049
704150
704207
756063
691691
721296
671269
756365
703539
699389
713673
753118
756119
689505
703405
713897
721343
696124
755874
695827
755969
703817
689397
687000
756289
753131
762896
713641
699295
721926
699431
713841
756299
686849
756383
721373
703772
691720
699429
756231
689368
703465
709586
703748
713751
693243
704126
703470
709526
709522
693368
759790
713687
766185
704035
703485
695753
713871
699255
691663
709547
756217
713738
753205
756092
753395
713901
756087
755871
703750
689386
704253
693481
703801
709551
753486
753265
753079
753110
753198
704106
689603
691981
703537
753210
755887
709554
683482
259147
756076
689597
756312
721374
756195
704057
692090
721381
713535
756165
721314
693215
689458
678569
753091
755919
703668
713538
703807
756009
713955
709578
704309
713652
696038
756268
689453
713670
753305
753475
753078
703633
756167
753398
756282
756266
704021
755872
691679
699418
721351
703699
703785
721279
669845
703441
756213
703460
703752
721345
704107
703806
755862
670373
704184
713980
683790
704041
698894
713657
756125
709573
704273
721300
693610
756062
753129
709540
703814
753296
704069
693317
689431
756086
699309
703640
699103
683712
756210
713784
753278
671163
699248
721933
756342
713731
704314
703523
755878
704250
764578
713741
703557
671135
759796
689349
691794
698985
721354
687014
699199
713615
774182
753224
704078
755885
703773
755845
713896
704316
721388
704325
713768
699089
756247
756200
713954
756139
703572
756204
713633
704007
721882
762788
756278
713775
704092
756307
713858
756295
703660
703426
756352
713837
689524
693365
703406
696095
689609
709590
689384
683539
689426
756367
753180
703662
704149
255769
710027
693270
753252
689444
704071
713701
703364
689356
689501
753304
713625
704160
689362
696036
762893
689261
756258
691710
756197
721338
699183
713853
713878
755924
756331
759805
703661
713661
755870
689295
689587
692027
703693
698895
689402
713867
699310
703626
704145
756357
667533
721331
696156
704109
756044
703458
721866
704245
755916
704256
753465
689484
703459
683876
703462
766224
703694
713967
713851
703615
753184
686840
693568
713734
703674
703682
753394
753104
693541
704218
704163
689527
703471
703373
689495
721312
753067
693489
721307
696180
699202
713850
756335
695829
753119
683513
753506
693604
689439
713662
689516
753263
703601
721281
713679
756122
696103
703518
721291
721276
756323
704270
756198
704312
756294
755905
703605
691699
704269
703723
764433
762789
753307
704212
713968
703595
695739
756109
689443
687011
704334
704024
756337
755953
756249
713708
704310
755895
713862
755907
699187
703553
721364
689365
753189
699268
678603
704203
755917
683792
683400
721864
704227
764529
713688
753106
721339
713961
721376
753094
753196
755880
755979
713956
689387
696111
671248
704230
756236
755965
756334
691718
753128
704236
755957
713739
704219
759956
713613
704192
703669
753509
714027
755929
721415
753120
753421
689565
699000
756315
753087
721288
678580
704015
753399
698906
699176
756212
721299
755882
704241
721387
721868
753302
683558
762861
756161
721302
703996
695892
699190
713540
704075
713707
755900
