Object ID
718944
693595
683680
669617
698993
691965
671208
691869
686844
703787
689329
683549
718794
692038
667665
713387
696009
721717
698956
668454
693387
698930
668639
693251
721792
668504
719005
667619
691880
719032
703448
718623
693443
683800
691743
683803
686943
718554
721528
693577
721463
718960
718895
683769
718958
669810
668528
691954
670353
718795
721890
693629
696084
670465
692042
668485
667608
693437
669618
692034
699426
693552
667598
721790
695967
703544
668489
667675
721724
671282
718704
669650
247610
699288
686921
719080
670289
683494
671306
669610
693325
721912
669608
669747
670319
718739
718606
721601
691853
693277
719035
693450
774181
696086
718997
689275
671215
668520
669832
689341
669715
668508
683332
695953
695862
721645
698872
667607
683886
718659
669664
766033
695773
721906
670367
693385
693524
718937
695948
696184
718674
669787
693452
698873
718572
718957
696052
696171
670497
713827
721898
721907
669607
671193
667623
699402
693230
668513
766040
718741
669709
683640
698936
718702
696161
703434
683868
691855
696045
668431
693160
719078
699439
689276
693180
670340
695945
683771
683728
721540
721807
721631
698865
721702
718644
721779
683406
766043
670309
686911
689309
721461
698882
671132
668591
667640
667581
695763
695857
699121
698938
764362
683547
699444
692083
721825
683854
667658
693379
698921
693252
737431
671161
718743
719003
670471
721586
691957
718752
670296
668451
721635
721476
693242
719013
669766
692041
668486
691956
669520
718949
671080
699371
671313
718819
670328
692104
683818
668488
683672
693455
668495
669803
683812
693227
669727
669711
693206
667597
703357
683688
699333
718774
669742
695755
693421
683399
669690
721644
693564
670372
740472
668585
693436
668473
718824
683509
721894
671123
693241
669699
668596
718726
670470
683788
691982
693220
718637
667579
718975
670339
686867
718635
718965
721630
669804
718768
691789
669784
686913
721830
689272
667631
670290
718615
691642
721767
691930
721789
698951
718667
737442
718740
695761
718578
718634
721708
764449
721541
686971
719097
691955
693370
669522
695764
668577
670330
671271
686977
696060
683504
683435
691815
693491
683467
696172
774180
669781
669795
671151
683596
721786
670384
693630
774091
683347
683882
667689
683665
669750
669604
695684
671140
686699
691793
696087
693375
699013
669712
766032
721680
766025
693658
671261
693553
718849
719040
696116
667626
718675
719075
691814
667612
693651
695969
693398
766000
669595
683496
683656
683659
689270
691614
670327
719093
721705
718584
670448
721676
670320
683705
693389
776291
718686
696092
766020
668427
699380
718821
683408
718565
669599
692016
668557
683597
776294
667692
695847
668535
671082
718933
683438
683473
698866
699343
683345
718883
669684
691790
693235
683392
721688
693350
765995
689547
737439
668444
766027
718662
691947
718760
669662
683617
689549
667578
703446
721911
718833
693345
693399
668494
687018
668500
668481
693420
667596
667655
691933
693328
776302
668632
687021
693377
686831
669811
721739
683404
718865
699346
718977
668459
693661
718876
718911
718966
718776
693181
668443
696019
698981
683550
683851
686929
683417
699428
721725
721668
669740
718687
696027
683713
692018
668538
699108
693655
670475
693530
719019
668484
718889
699110
699320
718669
718792
721761
693409
695757
683766
669600
668462
699331
696147
695643
669731
668620
668618
670359
691964
683616
683418
683456
721823
718727
683717
683768
721662
721524
683565
668597
721738
699348
668449
686835
718676
671206
721523
668594
719009
686981
719037
721666
668479
670387
718585
692075
718722
668641
721658
669773
669744
721522
683831
683607
699400
721633
718916
721711
669663
718785
696003
765990
669647
718579
689307
683453
698944
670280
696081
668527
721827
699411
718543
669661
670355
683678
699170
699391
718812
669708
721713
703325
683410
721838
721749
721846
667495
764450
691747
719082
669716
699008
718621
721677
668516
668633
668555
683589
721736
667668
718607
721478
696050
718737
683525
737432
721905
693298
766010
667678
721493
670392
766101
683544
764459
718758
668544
721497
693590
670474
699228
718542
693402
693414
669788
689279
693412
691967
719010
693622
686860
668529
667531
683884
669730
699067
693396
721638
721765
719091
691977
693644
670294
670468
721794
671224
683644
721642
670306
695943
670393
721466
699234
689317
693344
683797
718828
683825
764481
669654
766002
740476
765999
668599
721784
691741
718912
718923
693633
718927
718661
693423
718978
721716
721544
669780
669786
718721
683667
669678
683723
698937
693592
693332
693274
683639
671209
691860
718892
718878
718797
689616
670337
691940
721671
718670
695765
718940
683548
695999
699016
764447
686902
683849
718939
698919
718642
669746
740489
668569
693403
667690
764456
668474
668638
668592
699358
696177
692014
718845
721901
693643
693278
718850
693645
683531
696051
719066
693503
718961
669785
689548
693366
668468
699079
691749
671207
721723
693324
668572
689342
718581
699359
667673
669601
695815
721664
693240
691949
668608
718964
695810
668509
696115
683804
696012
668490
718834
669626
696119
718657
699074
671182
669805
721672
683587
718956
703451
689306
721896
718934
695966
683765
683501
699077
718938
718611
683808
668586
683508
689285
721720
718622
669637
686762
718963
718790
671175
721758
718871
721607
721512
683822
721910
703477
699076
669768
671089
693494
686898
686889
689293
693576
721641
670344
696114
683605
668610
718822
719083
669649
668525
686774
695708
691858
718835
721686
718619
693447
667613
766006
718688
670363
703447
668553
719045
695991
683592
718557
691856
718700
721809
683619
764482
671339
669732
667625
719053
719067
695944
718860
703330
721500
695860
719021
671093
683561
721771
696026
718946
693451
689278
737433
703433
693287
668629
696022
693449
693284
718925
719011
670352
683732
670467
721452
683535
718627
768205
721719
669751
670292
667636
699065
671147
670311
695924
703356
693440
686763
691610
693532
718902
696074
671109
721446
766015
718951
669807
699137
699160
721464
693581
669749
721643
693535
699369
668477
667615
671081
670322
718972
667603
766149
692033
683642
683824
667602
683333
718862
693383
718750
696108
671111
756390
718618
695681
696118
667574
668536
691986
668626
718650
693635
718630
669657
718913
693664
695925
718851
689331
718861
718690
698943
692087
721628
669521
721699
668578
693636
670449
693154
703680
693267
695926
669646
721756
721520
669645
686876
691863
686775
721728
721804
671177
699290
718629
719051
718992
671145
737430
692053
718567
686901
670333
764446
693461
721575
693429
687043
683534
683502
721693
703394
683507
686827
718936
718697
683327
683536
721834
693527
668430
721893
698883
764357
671090
669703
721832
698979
689310
693642
669838
686873
669611
669628
698934
718772
683495
718886
669523
718605
669528
721456
718867
671184
695947
668537
721897
691680
764440
669772
693354
718602
689380
667645
721569
683481
683798
683821
683606
692109
671095
718897
689436
668614
721919
689340
668640
699357
718706
689233
669717
669796
670477
703359
698915
683738
691861
721727
719000
766030
671174
718588
719047
692011
683567
669629
721763
774183
721891
740480
668628
683885
693167
695691
721803
693393
667554
671083
671139
696117
718979
689324
696037
693539
696167
695767
691876
693528
693353
695710
699360
718802
703543
669656
699361
691877
719023
669630
683863
718546
718907
695795
699033
699211
766021
667646
718551
671189
686768
668435
718874
766014
683690
698878
669560
669680
698929
689302
669736
669823
718953
718692
696120
692032
668625
669814
691748
671257
692066
689332
721750
718568
686922
668425
718930
696170
668631
699025
718852
699372
695958
764457
718626
699223
669529
698941
699080
693231
670420
718744
721718
721606
718959
721730
713595
691948
668617
671105
686865
668636
721577
669525
693201
698864
667621
718717
683689
696091
718909
691802
668554
670286
693657
693202
718641
691824
683896
683594
693533
669671
695813
718601
718745
696179
718559
683413
667672
764462
683664
683726
692091
670321
671119
668496
699370
693311
683770
693254
718810
693483
718920
699397
671076
718590
668461
693265
718632
683349
693170
693648
721729
667568
698973
668469
683654
683716
696076
719031
669767
766011
703795
683753
766045
718593
669597
670345
699227
693394
669532
668637
671274
669594
718837
683411
693362
721475
683724
699011
718899
718558
721297
683834
667532
683671
683545
721496
670301
718932
669710
695960
718765
698861
699043
693176
718813
669679
718679
718683
693584
693211
670350
668539
689283
721530
667497
699075
669602
669737
699410
667680
721886
668452
668428
718890
737434
691791
699037
721534
721799
667698
693313
691961
718633
721810
766023
693646
696168
671195
693357
695756
670460
693301
683687
721903
693233
718996
668530
766031
776292
683533
719008
718595
718793
721661
721710
668621
667629
696154
689268
669691
670450
699385
718873
670283
699424
718720
766102
721747
719059
692003
696025
668522
683351
693462
670317
693376
683706
669674
721798
721681
699004
669683
668515
686905
670458
670307
703389
669739
687051
668524
669816
765982
683520
721599
691765
691764
696085
721850
718736
667644
718888
718723
667565
693276
721667
699200
721692
718840
683840
737444
683682
689291
668467
718786
683685
776301
693641
719006
693442
719085
698911
721722
721647
669782
721690
667638
765985
686915
683722
721774
721714
721695
669677
718540
695973
721916
683328
699081
671225
721467
692102
669530
668526
693430
719079
766070
695825
683684
718787
683741
699403
719088
668503
718724
692029
669808
683737
721531
668627
683865
693392
699032
695730
670391
683871
693303
718891
670452
695720
776290
693250
703347
671200
695950
683637
669770
718993
695898
695690
718762
737441
718904
768219
721670
691970
669517
670455
692057
693346
698901
693352
718756
669735
670329
686912
698978
719089
721625
668440
698933
699133
669728
721657
703353
693591
693292
670357
766034
693431
721678
670390
669648
667662
718613
721604
691725
718671
692068
718881
693582
693404
693416
671301
721547
669644
718705
718864
718952
718663
689551
696169
693390
721895
721837
693234
719022
669777
683733
691821
692043
698980
667590
683845
721783
683860
718681
699344
693384
718614
667592
696143
668480
693264
683394
719025
721698
699035
671115
721646
699112
692088
693327
670446
669614
695808
683691
721650
683493
668470
719036
695858
718841
667617
683621
718620
764445
686891
719030
766036
695693
686975
667609
668598
670288
683414
718616
703400
721768
693463
776296
718783
693337
692030
718991
718955
683472
721818
696080
721684
689244
695988
693525
693210
718610
721811
703635
718877
699012
695937
695938
695979
691682
683823
764458
718854
669695
670451
683807
671311
669741
669514
668455
713596
718599
691685
693422
251254
670424
718816
669625
696121
693632
683763
668613
669673
718766
693438
668619
671283
766067
668583
721829
669800
721492
695993
698945
719092
721796
766028
718759
698988
668590
669714
670342
691812
683396
669596
718550
683692
689497
693419
764480
667541
699289
683335
693386
721632
683858
699001
693585
719081
693613
718941
669659
699395
668493
683862
699386
691813
696106
699398
689336
668498
671091
695680
691744
718545
718903
718696
671084
693542
693441
669698
683875
683773
669668
699123
718853
670462
718782
683344
683582
695928
671231
718827
668445
718974
671104
669620
669687
718826
689315
721636
721697
683323
686878
699015
698948
713597
693640
721769
695714
719060
689322
669789
693639
691906
718624
766041
718866
693531
689308
699383
669624
766022
695812
718942
719050
721820
695709
698932
699169
719062
683555
686957
668622
718748
683663
667674
693523
718640
668482
667682
766042
693556
773959
718698
721701
696088
718929
699352
718754
719020
696082
669519
683325
667630
699294
721731
721462
740493
669806
718715
693574
703391
693543
766035
693466
691726
718976
721780
766024
718713
703664
669702
683419
699322
718680
699010
667669
693226
718908
683405
683543
721782
699034
719033
693579
718796
699416
668458
696113
703764
699061
703781
671270
683562
693333
721808
713593
695754
718879
718982
671307
721770
721655
683747
693391
713594
683721
669778
718570
718820
696107
668478
683348
718801
693171
667575
699165
695940
695856
670454
699427
683881
691745
696007
686879
667582
698862
718887
693326
667594
721649
718685
721556
699355
698863
671079
689539
667577
669764
718600
718653
669819
692000
693156
718884
693329
693162
668566
670348
670308
718714
691951
689553
683334
683391
721652
696133
667614
671110
691751
718699
670461
693161
693335
721590
721629
698942
683796
721800
691975
683719
719094
692055
721913
740475
718617
718906
703407
689557
718900
671331
721640
686825
683407
693594
765988
703439
670299
667642
721660
693168
719028
683736
693359
695931
721773
689312
668460
721726
683475
669615
259162
683802
683570
683352
683725
669792
668492
668475
693558
669774
669815
699404
689558
693173
718746
689320
721917
693408
699392
686717
695861
695868
687007
670436
718592
721682
718769
718818
669613
698885
669765
718665
699366
683590
718893
718594
693380
691828
721656
693520
718915
667647
693358
765998
693456
683483
683532
695954
667610
718880
692081
695955
721505
721453
696008
691968
667695
728505
683864
670284
766017
686749
691820
693349
670457
683469
667553
686890
693415
718987
668635
721637
669738
693214
699264
671190
667580
693237
683337
683811
718808
668531
683867
691684
721805
718747
669612
670362
693330
696077
689264
765993
669627
695941
668457
718857
718931
689311
683620
683828
686980
766001
699215
668466
671185
671181
683893
721665
719052
668487
721653
699085
693559
721833
691851
667572
721826
699396
721651
718814
683673
721839
683789
721696
693628
669636
719042
766046
718847
699345
669682
698977
718656
719043
740499
668582
721685
698974
683777
695990
721669
669598
693434
765997
718598
693225
683830
693427
671180
699353
683775
669666
670379
699021
686830
683580
683859
718947
721735
695929
721501
718784
718609
683551
698902
693397
683484
696130
693200
718596
737440
686910
718838
686767
699347
693356
698958
718751
719026
721521
668433
718580
718809
683686
718980
693247
686737
669651
683895
693458
671218
683583
703393
718564
718574
683861
